# This file is an example of the output produced by the `raspi-uart` program
# which receives IMU samples from the Arduino.
#
# It is expected that the machine learning model process will consume from
# this output directly, but this output can also be stored in a file and
# used for other stuff, such as training the machine learning model.
#
# Each line represents a sample.
#
# Lines starting with `#`, just like this line, are comments.
# Comments also serve another purpose: they mark out points of discontinuities
# between samples.
#
# For example, for the following output:
#
#     1, 2, 3, 4, 5, 6, 7, 8, 9, 10, 11, 12
#     4, 67, 3, 1, 3, 4, 5, 6, 7, 8, 3, 4
#
# This means that the sample in the second line occurs immediately after the
# sample in the second line.
#
# On the other hand, for the following output:
#
#     1, 2, 3, 4, 5, 6, 7, 8, 9, 10, 11, 12
#     # ---
#     4, 67, 3, 1, 3, 4, 5, 6, 7, 8, 3, 4
#
# The sample in the second line may have occurred after an arbitrary amount of
# time after the first sample (i.e., a discontinuity).
#
# The `raspi-uart` program, in its default mode, will take care of ensuring
# that there are `timeslice` number of samples in a continuous region.
#
# For this file, timeslice is configured as 63.
#
# Other than the above, everything works just like a normal CSV file.
# The columns are:
# acc1x, acc1y, acc1z, gyro1x, gyro1y, gyro1z, acc2x, acc2y, acc2z, gyro2x, gyro2y, gyro2z
#
# These are the raw values from the IMU, stored as such to maintain its precision,
# as well as because integers are much more compact vs. floating point numbers.
#
# To convert an acc/gyro values to g/(deg/s), use: (where / is floating point division)
#
# acc (in g) = acc / 16384
# gyro (in deg/s) = gyro / 131
#
# The explanation ends here. Below is the actual program output.
# (The zeroes are because I don't have a second IMU connected).
#
# ===========================================
# timeslice=63, slack=2, packetLoss=0
# acc1x, acc1y, acc1z, gyro1x, gyro1y, gyro1z, acc2x, acc2y, acc2z, gyro2x, gyro2y, gyro2z
422, -38, 16878, -403, -390, -97, 0, 0, 0, 0, 0, 0
458, 4, 16730, -397, -377, -92, 0, 0, 0, 0, 0, 0
450, 8, 16624, -397, -372, -93, 0, 0, 0, 0, 0, 0
422, -32, 16658, -407, -378, -100, 0, 0, 0, 0, 0, 0
432, -10, 16624, -402, -372, -98, 0, 0, 0, 0, 0, 0
416, -34, 16758, -412, -381, -103, 0, 0, 0, 0, 0, 0
418, -10, 16724, -413, -378, -96, 0, 0, 0, 0, 0, 0
448, -38, 16642, -407, -384, -92, 0, 0, 0, 0, 0, 0
448, -38, 16714, -407, -381, -98, 0, 0, 0, 0, 0, 0
418, -16, 16714, -402, -376, -100, 0, 0, 0, 0, 0, 0
424, 8, 16724, -405, -374, -91, 0, 0, 0, 0, 0, 0
452, 2, 16716, -401, -371, -97, 0, 0, 0, 0, 0, 0
458, 0, 16726, -407, -374, -97, 0, 0, 0, 0, 0, 0
454, -4, 16740, -407, -383, -103, 0, 0, 0, 0, 0, 0
458, -48, 16704, -403, -377, -97, 0, 0, 0, 0, 0, 0
422, -8, 16742, -403, -381, -99, 0, 0, 0, 0, 0, 0
442, -8, 16696, -407, -385, -96, 0, 0, 0, 0, 0, 0
458, 14, 16676, -405, -381, -96, 0, 0, 0, 0, 0, 0
432, 2, 16720, -407, -375, -97, 0, 0, 0, 0, 0, 0
436, -10, 16688, -408, -375, -101, 0, 0, 0, 0, 0, 0
422, -10, 16660, -395, -380, -101, 0, 0, 0, 0, 0, 0
442, -26, 16682, -404, -379, -93, 0, 0, 0, 0, 0, 0
448, -20, 16722, -413, -374, -95, 0, 0, 0, 0, 0, 0
462, -10, 16712, -399, -378, -95, 0, 0, 0, 0, 0, 0
442, -2, 16662, -403, -379, -98, 0, 0, 0, 0, 0, 0
424, 14, 16752, -408, -376, -95, 0, 0, 0, 0, 0, 0
424, -20, 16702, -405, -382, -95, 0, 0, 0, 0, 0, 0
442, -22, 16704, -410, -378, -94, 0, 0, 0, 0, 0, 0
418, -6, 16672, -403, -374, -102, 0, 0, 0, 0, 0, 0
440, 6, 16732, -411, -386, -95, 0, 0, 0, 0, 0, 0
418, -16, 16706, -406, -373, -98, 0, 0, 0, 0, 0, 0
446, -8, 16722, -410, -380, -108, 0, 0, 0, 0, 0, 0
442, 0, 16668, -397, -380, -102, 0, 0, 0, 0, 0, 0
420, -58, 16720, -405, -384, -99, 0, 0, 0, 0, 0, 0
468, -16, 16680, -401, -376, -102, 0, 0, 0, 0, 0, 0
420, -8, 16712, -411, -378, -102, 0, 0, 0, 0, 0, 0
468, -18, 16740, -408, -380, -97, 0, 0, 0, 0, 0, 0
458, 22, 16720, -412, -384, -98, 0, 0, 0, 0, 0, 0
438, -4, 16678, -407, -378, -95, 0, 0, 0, 0, 0, 0
418, -32, 16720, -403, -376, -94, 0, 0, 0, 0, 0, 0
444, -12, 16684, -410, -376, -97, 0, 0, 0, 0, 0, 0
434, -18, 16692, -403, -378, -99, 0, 0, 0, 0, 0, 0
440, -42, 16694, -406, -380, -97, 0, 0, 0, 0, 0, 0
440, -48, 16668, -404, -372, -97, 0, 0, 0, 0, 0, 0
458, -22, 16690, -401, -376, -95, 0, 0, 0, 0, 0, 0
448, -24, 16664, -396, -380, -96, 0, 0, 0, 0, 0, 0
452, -6, 16732, -403, -375, -98, 0, 0, 0, 0, 0, 0
456, -2, 16700, -404, -379, -91, 0, 0, 0, 0, 0, 0
426, -10, 16652, -410, -381, -92, 0, 0, 0, 0, 0, 0
434, 4, 16716, -407, -378, -91, 0, 0, 0, 0, 0, 0
440, 12, 16678, -400, -371, -98, 0, 0, 0, 0, 0, 0
438, 0, 16674, -404, -378, -94, 0, 0, 0, 0, 0, 0
456, 4, 16670, -410, -378, -94, 0, 0, 0, 0, 0, 0
468, 8, 16694, -414, -379, -92, 0, 0, 0, 0, 0, 0
414, 14, 16712, -402, -388, -97, 0, 0, 0, 0, 0, 0
444, -8, 16676, -402, -378, -100, 0, 0, 0, 0, 0, 0
426, -10, 16702, -393, -345, -95, 0, 0, 0, 0, 0, 0
438, 12, 16704, -406, -368, -96, 0, 0, 0, 0, 0, 0
466, -4, 16732, -399, -355, -101, 0, 0, 0, 0, 0, 0
446, 8, 16744, -398, -361, -97, 0, 0, 0, 0, 0, 0
368, -10, 16662, -403, -362, -93, 0, 0, 0, 0, 0, 0
-7566, -4034, 16590, -532, 14, 3510, 0, 0, 0, 0, 0, 0
-6044, -3478, 16584, -956, 479, 10047, 0, 0, 0, 0, 0, 0
# ---
-2374, 166, 16846, -1277, 597, 13371, 0, 0, 0, 0, 0, 0
12048, 4496, 17080, -792, -1299, -8000, 0, 0, 0, 0, 0, 0
1954, -70, 18142, 1323, 56, -5629, 0, 0, 0, 0, 0, 0
2000, 718, 16634, 2231, 700, -5315, 0, 0, 0, 0, 0, 0
-438, 1034, 16782, 2100, 700, -4363, 0, 0, 0, 0, 0, 0
-576, 816, 16822, 2386, 903, -2835, 0, 0, 0, 0, 0, 0
694, 704, 16486, 1361, 1434, -1898, 0, 0, 0, 0, 0, 0
764, -100, 15656, 374, 778, -2416, 0, 0, 0, 0, 0, 0
408, -678, 20008, 651, -3005, -1766, 0, 0, 0, 0, 0, 0
-1258, -40, 21436, -2522, -4172, -2220, 0, 0, 0, 0, 0, 0
-1284, -30, 22354, -8941, -1143, -231, 0, 0, 0, 0, 0, 0
654, 118, 21398, -12011, 676, 470, 0, 0, 0, 0, 0, 0
2220, -926, 20518, -10013, 391, -1044, 0, 0, 0, 0, 0, 0
696, -1676, 20560, -6475, 1410, -832, 0, 0, 0, 0, 0, 0
74, -1904, 18974, -7771, 1830, -449, 0, 0, 0, 0, 0, 0
42, -1942, 17004, -10369, 1078, -371, 0, 0, 0, 0, 0, 0
-700, -1394, 13846, -9852, 766, 116, 0, 0, 0, 0, 0, 0
-1020, -1264, 11354, -7874, 346, 487, 0, 0, 0, 0, 0, 0
-70, -1240, 8966, -5827, -1370, -254, 0, 0, 0, 0, 0, 0
-388, -906, 5896, -3664, -2809, -77, 0, 0, 0, 0, 0, 0
-1332, 0, 5262, -83, -4704, -862, 0, 0, 0, 0, 0, 0
-88, -48, 5664, 4258, -5428, -900, 0, 0, 0, 0, 0, 0
928, -604, 9862, 8849, -5776, -768, 0, 0, 0, 0, 0, 0
198, -14, 12992, 10846, -2209, 359, 0, 0, 0, 0, 0, 0
586, 472, 14478, 7760, -539, 956, 0, 0, 0, 0, 0, 0
1380, -320, 16970, 10280, -2922, 524, 0, 0, 0, 0, 0, 0
2126, -766, 20536, 11188, -4681, 343, 0, 0, 0, 0, 0, 0
1366, -886, 23448, 9316, -4241, 817, 0, 0, 0, 0, 0, 0
674, -926, 25074, 5694, -3508, 441, 0, 0, 0, 0, 0, 0
726, -594, 25086, 2222, -1966, 475, 0, 0, 0, 0, 0, 0
584, -340, 24734, 964, -165, 619, 0, 0, 0, 0, 0, 0
-62, -224, 25910, 526, 1677, -60, 0, 0, 0, 0, 0, 0
-1364, 448, 24184, -2330, 3693, -918, 0, 0, 0, 0, 0, 0
-256, 140, 22160, -5144, 3248, -2075, 0, 0, 0, 0, 0, 0
802, -48, 18816, -6720, 1730, -2566, 0, 0, 0, 0, 0, 0
1202, -290, 15624, -6900, 354, -1748, 0, 0, 0, 0, 0, 0
1374, -828, 15072, -4303, 878, -818, 0, 0, 0, 0, 0, 0
828, -296, 13868, -2865, 3902, -199, 0, 0, 0, 0, 0, 0
1528, -834, 12026, -2985, 6202, -78, 0, 0, 0, 0, 0, 0
2872, -956, 8804, -677, 6169, 252, 0, 0, 0, 0, 0, 0
4030, -938, 6690, -1370, 3671, -80, 0, 0, 0, 0, 0, 0
3492, -1310, 6288, -2156, 929, 623, 0, 0, 0, 0, 0, 0
3448, -1608, 6814, 536, -1972, 1861, 0, 0, 0, 0, 0, 0
2532, -1140, 9886, 5602, -3604, 3006, 0, 0, 0, 0, 0, 0
990, -354, 13464, 7956, -2389, 3911, 0, 0, 0, 0, 0, 0
628, 334, 16074, 6397, -1060, 3747, 0, 0, 0, 0, 0, 0
-796, 512, 19688, 7928, -1531, 3073, 0, 0, 0, 0, 0, 0
-1424, 734, 23128, 6663, -1775, 2394, 0, 0, 0, 0, 0, 0
-2118, 508, 25510, 3133, -2393, 1863, 0, 0, 0, 0, 0, 0
-1566, 636, 26292, -3, -2066, 1064, 0, 0, 0, 0, 0, 0
-2236, 1128, 25688, -2855, -222, 405, 0, 0, 0, 0, 0, 0
-2482, 1138, 25548, -3710, 2307, -286, 0, 0, 0, 0, 0, 0
-2048, 904, 24238, -5669, 3168, -1288, 0, 0, 0, 0, 0, 0
-1142, 366, 22028, -7859, 3053, -2023, 0, 0, 0, 0, 0, 0
-216, -260, 19718, -9563, 3069, -1996, 0, 0, 0, 0, 0, 0
128, -368, 16532, -10702, 2933, -1233, 0, 0, 0, 0, 0, 0
484, -584, 14090, -10785, 1947, -624, 0, 0, 0, 0, 0, 0
1028, -874, 11266, -9662, 1081, -176, 0, 0, 0, 0, 0, 0
1016, -682, 8514, -7346, 290, 755, 0, 0, 0, 0, 0, 0
1216, -274, 5666, -5050, -949, 746, 0, 0, 0, 0, 0, 0
1512, -392, 5020, -316, -2541, 99, 0, 0, 0, 0, 0, 0
1508, -954, 7620, 4823, -2379, 284, 0, 0, 0, 0, 0, 0
1982, -888, 9828, 6521, -2638, 828, 0, 0, 0, 0, 0, 0
# ---
2314, -680, 11482, 6484, -4056, 1360, 0, 0, 0, 0, 0, 0
1882, -278, 13466, 7672, -5883, 1753, 0, 0, 0, 0, 0, 0
1336, 100, 15956, 8674, -6276, 1691, 0, 0, 0, 0, 0, 0
918, 130, 19278, 9096, -4626, 1892, 0, 0, 0, 0, 0, 0
444, 510, 21498, 8231, -1548, 1784, 0, 0, 0, 0, 0, 0
-9768, 2256, 32767, -4344, 7920, 1205, 0, 0, 0, 0, 0, 0
-350, 3430, 19966, -6162, 1420, 2024, 0, 0, 0, 0, 0, 0
2090, 450, 18198, -1587, -93, 295, 0, 0, 0, 0, 0, 0
1244, -862, 19996, 3900, -2889, -2052, 0, 0, 0, 0, 0, 0
-1620, -1472, 23252, 6676, -251, -1601, 0, 0, 0, 0, 0, 0
-820, -54, 22310, 823, 4002, -268, 0, 0, 0, 0, 0, 0
32, -332, 21796, -6231, 2628, -815, 0, 0, 0, 0, 0, 0
-114, 388, 18676, -8761, 2233, -202, 0, 0, 0, 0, 0, 0
-572, 368, 16468, -8690, 1225, -476, 0, 0, 0, 0, 0, 0
-350, 38, 14384, -7068, 865, -977, 0, 0, 0, 0, 0, 0
538, -504, 12960, -5849, -108, -1499, 0, 0, 0, 0, 0, 0
1280, -916, 11778, -4481, -1318, -1808, 0, 0, 0, 0, 0, 0
1668, -1342, 11004, -3027, -1545, -1402, 0, 0, 0, 0, 0, 0
1926, -1440, 11186, -1070, -1904, -595, 0, 0, 0, 0, 0, 0
1672, -1246, 12184, 613, -1360, 149, 0, 0, 0, 0, 0, 0
1386, -1084, 13366, 1823, -798, 391, 0, 0, 0, 0, 0, 0
1592, -1186, 14660, 2342, -749, 550, 0, 0, 0, 0, 0, 0
1466, -970, 15108, 1434, -1634, 664, 0, 0, 0, 0, 0, 0
1288, -660, 14506, -7, -2763, 569, 0, 0, 0, 0, 0, 0
1090, -374, 13238, 526, -2695, 471, 0, 0, 0, 0, 0, 0
1320, -384, 12860, 3002, -1577, 481, 0, 0, 0, 0, 0, 0
1754, -372, 13720, 6068, 20, 1167, 0, 0, 0, 0, 0, 0
1014, -476, 16596, 8006, 507, 1786, 0, 0, 0, 0, 0, 0
-300, 306, 18846, 5726, -490, 1668, 0, 0, 0, 0, 0, 0
-1372, 422, 21400, 4070, -305, 1153, 0, 0, 0, 0, 0, 0
-1210, 2246, 25846, -5321, -2108, -1020, 0, 0, 0, 0, 0, 0
-1376, 328, 22102, 852, -288, -1327, 0, 0, 0, 0, 0, 0
-1476, -100, 23708, 6493, 3165, -1216, 0, 0, 0, 0, 0, 0
-628, 158, 22080, -1025, 5734, -1272, 0, 0, 0, 0, 0, 0
110, -518, 20166, -4859, 2954, -1821, 0, 0, 0, 0, 0, 0
192, 44, 16998, -5539, 1596, -1316, 0, 0, 0, 0, 0, 0
172, -50, 15452, -4977, 1731, -725, 0, 0, 0, 0, 0, 0
146, -116, 14420, -3288, 1989, -271, 0, 0, 0, 0, 0, 0
-342, -306, 14424, -2475, 2321, -531, 0, 0, 0, 0, 0, 0
262, -368, 13744, -2276, 1812, -707, 0, 0, 0, 0, 0, 0
730, -722, 13270, -2498, 670, -980, 0, 0, 0, 0, 0, 0
632, -410, 12138, -2287, 582, -1047, 0, 0, 0, 0, 0, 0
468, -504, 11526, -1289, 436, -1380, 0, 0, 0, 0, 0, 0
1500, -722, 11346, 438, -129, -1063, 0, 0, 0, 0, 0, 0
2186, -678, 11456, 1299, -1278, -469, 0, 0, 0, 0, 0, 0
1974, -476, 12138, 2683, -2744, 51, 0, 0, 0, 0, 0, 0
1568, -236, 13670, 4068, -3240, 432, 0, 0, 0, 0, 0, 0
444, 214, 15770, 5044, -2182, 803, 0, 0, 0, 0, 0, 0
280, 350, 17656, 4504, -1419, 776, 0, 0, 0, 0, 0, 0
-206, 560, 20630, 4008, -941, 720, 0, 0, 0, 0, 0, 0
-1376, 664, 22314, 3169, -526, 926, 0, 0, 0, 0, 0, 0
-1396, 474, 23644, 1636, -1776, 7, 0, 0, 0, 0, 0, 0
-1764, 376, 23894, 97, -1303, -371, 0, 0, 0, 0, 0, 0
-1722, 486, 22556, -1954, 521, -538, 0, 0, 0, 0, 0, 0
-1560, 592, 20378, -3058, 2367, -1114, 0, 0, 0, 0, 0, 0
-1202, 410, 17914, -3655, 2724, -1466, 0, 0, 0, 0, 0, 0
-730, 326, 15530, -3596, 1839, -1557, 0, 0, 0, 0, 0, 0
-130, -4, 13644, -3387, 807, -1228, 0, 0, 0, 0, 0, 0
56, -68, 12358, -2703, 257, -884, 0, 0, 0, 0, 0, 0
190, -66, 11262, -1634, -250, -768, 0, 0, 0, 0, 0, 0
788, -256, 11170, 135, -1093, -705, 0, 0, 0, 0, 0, 0
874, -160, 11644, 1797, -1822, -401, 0, 0, 0, 0, 0, 0
710, -54, 13352, 2643, -2513, -269, 0, 0, 0, 0, 0, 0
# ---
402, 204, 15532, 3508, -2050, 122, 0, 0, 0, 0, 0, 0
796, 236, 17376, 2787, -2292, 109, 0, 0, 0, 0, 0, 0
734, 86, 20208, 2331, -2536, 143, 0, 0, 0, 0, 0, 0
410, 330, 20736, 784, -1832, 417, 0, 0, 0, 0, 0, 0
286, 378, 21216, -257, -1540, 220, 0, 0, 0, 0, 0, 0
40, 118, 21782, -178, -899, 246, 0, 0, 0, 0, 0, 0
-622, 130, 21692, -1116, 359, 221, 0, 0, 0, 0, 0, 0
-984, 222, 20868, -2621, 1528, -74, 0, 0, 0, 0, 0, 0
-844, 54, 19428, -4005, 1526, -553, 0, 0, 0, 0, 0, 0
-554, -38, 17228, -4824, 1007, -710, 0, 0, 0, 0, 0, 0
-212, 32, 14956, -5210, 3, -816, 0, 0, 0, 0, 0, 0
-98, -64, 13028, -4748, -1210, -922, 0, 0, 0, 0, 0, 0
-72, -2, 11356, -3981, -2764, -1048, 0, 0, 0, 0, 0, 0
400, 20, 10366, -2695, -3545, -1396, 0, 0, 0, 0, 0, 0
950, -80, 10264, -84, -2382, -1040, 0, 0, 0, 0, 0, 0
1374, -284, 11486, 2690, -1481, -155, 0, 0, 0, 0, 0, 0
1148, -174, 13284, 4145, -1541, 497, 0, 0, 0, 0, 0, 0
910, -38, 15424, 3957, -1775, 1032, 0, 0, 0, 0, 0, 0
518, -46, 18624, 4957, -1581, 1370, 0, 0, 0, 0, 0, 0
426, -58, 22146, 4585, -940, 1474, 0, 0, 0, 0, 0, 0
168, -374, 24958, 3217, -232, 1084, 0, 0, 0, 0, 0, 0
-676, -362, 26988, 1250, 1181, 1366, 0, 0, 0, 0, 0, 0
-1248, -628, 27102, -1364, 2552, 1213, 0, 0, 0, 0, 0, 0
-1680, -358, 25674, -3883, 3141, 839, 0, 0, 0, 0, 0, 0
-1374, -386, 22896, -6633, 3070, 179, 0, 0, 0, 0, 0, 0
-1240, -318, 20326, -7532, 3583, 41, 0, 0, 0, 0, 0, 0
-958, -86, 17618, -7719, 3673, -482, 0, 0, 0, 0, 0, 0
-68, -380, 14990, -8336, 2545, -1091, 0, 0, 0, 0, 0, 0
962, -412, 12022, -8632, 848, -813, 0, 0, 0, 0, 0, 0
1274, -24, 8990, -8211, -602, -481, 0, 0, 0, 0, 0, 0
1530, 36, 6900, -5465, -1117, -30, 0, 0, 0, 0, 0, 0
1302, 394, 5638, -1647, -668, 611, 0, 0, 0, 0, 0, 0
1030, 564, 6374, 2429, 415, 1308, 0, 0, 0, 0, 0, 0
104, 1020, 8134, 5408, 266, 1410, 0, 0, 0, 0, 0, 0
-312, 1362, 9894, 6075, -636, 876, 0, 0, 0, 0, 0, 0
-106, 1280, 11974, 6339, -2217, 88, 0, 0, 0, 0, 0, 0
290, 1368, 13906, 6058, -3309, -371, 0, 0, 0, 0, 0, 0
708, 1300, 15484, 4994, -3686, -584, 0, 0, 0, 0, 0, 0
1070, 1026, 16248, 4562, -3812, -1038, 0, 0, 0, 0, 0, 0
1468, 720, 16806, 4137, -3806, -1095, 0, 0, 0, 0, 0, 0
1966, 110, 18080, 3780, -3993, -849, 0, 0, 0, 0, 0, 0
1870, -106, 19032, 2802, -4865, -421, 0, 0, 0, 0, 0, 0
1018, -54, 19530, 747, -5173, -166, 0, 0, 0, 0, 0, 0
254, 10, 19810, -409, -4822, -361, 0, 0, 0, 0, 0, 0
90, 62, 19262, -379, -3771, -579, 0, 0, 0, 0, 0, 0
-4838, -5520, 32767, -13175, 10073, 5308, 0, 0, 0, 0, 0, 0
3024, 844, 18650, -484, 266, 1140, 0, 0, 0, 0, 0, 0
-2158, -1756, 23484, 7185, -5937, -3420, 0, 0, 0, 0, 0, 0
446, -212, 18054, -1448, 466, -554, 0, 0, 0, 0, 0, 0
632, -724, 15754, -9336, -2345, -896, 0, 0, 0, 0, 0, 0
594, 396, 12038, -6635, -3363, -1283, 0, 0, 0, 0, 0, 0
736, 240, 10852, -1876, -869, -795, 0, 0, 0, 0, 0, 0
2040, -118, 12038, 1912, 641, -276, 0, 0, 0, 0, 0, 0
2202, -46, 13472, 2533, 1080, 83, 0, 0, 0, 0, 0, 0
2420, -88, 14004, 1318, -102, 121, 0, 0, 0, 0, 0, 0
2184, 944, 15518, 1459, -491, 238, 0, 0, 0, 0, 0, 0
228, -2268, 31158, 1658, 4284, 1054, 0, 0, 0, 0, 0, 0
524, -1474, 18806, 3200, -2446, -1279, 0, 0, 0, 0, 0, 0
604, 878, 13678, -3615, -2650, -282, 0, 0, 0, 0, 0, 0
-580, 1112, 13812, -3650, -756, 57, 0, 0, 0, 0, 0, 0
1380, 354, 15696, 4543, 3428, 701, 0, 0, 0, 0, 0, 0
786, -602, 19706, -1654, 137, -182, 0, 0, 0, 0, 0, 0
668, 544, 16586, -1050, -391, 576, 0, 0, 0, 0, 0, 0
# ---
552, 356, 16770, -1311, -768, 295, 0, 0, 0, 0, 0, 0
740, 150, 16906, -1183, -731, 302, 0, 0, 0, 0, 0, 0
760, -72, 16748, -768, -534, 116, 0, 0, 0, 0, 0, 0
746, -56, 16798, -571, -439, -109, 0, 0, 0, 0, 0, 0
716, 82, 16762, -418, -369, -169, 0, 0, 0, 0, 0, 0
650, 54, 16672, -503, -417, -189, 0, 0, 0, 0, 0, 0
768, -22, 16812, -451, -384, -236, 0, 0, 0, 0, 0, 0
774, 0, 16714, -217, -279, -333, 0, 0, 0, 0, 0, 0
802, -236, 17752, 920, 339, -326, 0, 0, 0, 0, 0, 0
-326, -514, 21048, 4246, 2256, 515, 0, 0, 0, 0, 0, 0
-518, -68, 23132, 786, 4135, 653, 0, 0, 0, 0, 0, 0
-352, -78, 22636, -6665, 1920, 111, 0, 0, 0, 0, 0, 0
-772, -1038, 23360, -9720, 320, -800, 0, 0, 0, 0, 0, 0
-398, -824, 22048, -10326, 1587, -1142, 0, 0, 0, 0, 0, 0
152, -1080, 21722, -8941, 3066, -1779, 0, 0, 0, 0, 0, 0
1306, -1204, 19668, -9529, 4629, -2126, 0, 0, 0, 0, 0, 0
2322, -1840, 16322, -10952, 3758, -1814, 0, 0, 0, 0, 0, 0
2206, -1788, 12352, -11933, 1207, -657, 0, 0, 0, 0, 0, 0
1584, -1310, 7074, -11537, -1972, 223, 0, 0, 0, 0, 0, 0
562, -442, 1878, -8582, -5000, 477, 0, 0, 0, 0, 0, 0
332, 116, -1222, -5125, -6257, 546, 0, 0, 0, 0, 0, 0
458, -28, 1274, 1500, -6393, 799, 0, 0, 0, 0, 0, 0
186, 634, 4466, 9879, -4822, 1495, 0, 0, 0, 0, 0, 0
834, 606, 9532, 12747, -3493, 2164, 0, 0, 0, 0, 0, 0
1046, 310, 16532, 15027, -3245, 2219, 0, 0, 0, 0, 0, 0
512, -514, 24722, 15016, -2609, 2222, 0, 0, 0, 0, 0, 0
160, -822, 29982, 11790, -2247, 1902, 0, 0, 0, 0, 0, 0
-484, -1828, 32767, 7765, -1922, 1080, 0, 0, 0, 0, 0, 0
-906, -2038, 32767, 5768, 1396, 530, 0, 0, 0, 0, 0, 0
-162, 280, 30800, -1482, 3392, -844, 0, 0, 0, 0, 0, 0
-412, -18, 26406, -10592, 5334, -1776, 0, 0, 0, 0, 0, 0
324, -148, 20180, -13113, 4259, -2629, 0, 0, 0, 0, 0, 0
874, -258, 15066, -11875, 3811, -2061, 0, 0, 0, 0, 0, 0
750, -314, 10612, -11402, 3098, -1549, 0, 0, 0, 0, 0, 0
530, -390, 7626, -9181, 1666, -1262, 0, 0, 0, 0, 0, 0
-54, -182, 3976, -6444, 1182, -729, 0, 0, 0, 0, 0, 0
622, -258, 1678, -2577, 360, -578, 0, 0, 0, 0, 0, 0
1328, -310, 1994, 2969, -1159, -223, 0, 0, 0, 0, 0, 0
1996, -412, 5576, 8076, -993, 784, 0, 0, 0, 0, 0, 0
2036, -210, 9964, 10553, -854, 1737, 0, 0, 0, 0, 0, 0
1656, 114, 14124, 11298, -1053, 2225, 0, 0, 0, 0, 0, 0
1544, -2, 18602, 12209, -1334, 2515, 0, 0, 0, 0, 0, 0
-52, -146, 22772, 10888, -1419, 2261, 0, 0, 0, 0, 0, 0
-1184, -224, 27086, 8411, -1908, 1892, 0, 0, 0, 0, 0, 0
-1392, -766, 30748, 5895, -2320, 939, 0, 0, 0, 0, 0, 0
-1610, -724, 31216, -771, -2517, -53, 0, 0, 0, 0, 0, 0
-1142, -658, 29004, -6490, -1707, -716, 0, 0, 0, 0, 0, 0
-744, -472, 24822, -9395, -549, -1127, 0, 0, 0, 0, 0, 0
-230, -408, 20686, -10461, 807, -1188, 0, 0, 0, 0, 0, 0
142, -446, 16850, -10281, 1111, -988, 0, 0, 0, 0, 0, 0
278, -252, 13878, -9520, 1504, -697, 0, 0, 0, 0, 0, 0
536, -376, 10996, -8533, 1401, -584, 0, 0, 0, 0, 0, 0
768, -656, 9318, -5675, 1095, -477, 0, 0, 0, 0, 0, 0
1116, -394, 6496, -2619, 1086, -132, 0, 0, 0, 0, 0, 0
1180, -264, 4876, -1650, 967, 38, 0, 0, 0, 0, 0, 0
1924, -392, 4308, -469, -68, 207, 0, 0, 0, 0, 0, 0
2050, -552, 5946, 3764, -1583, 604, 0, 0, 0, 0, 0, 0
2160, -206, 9018, 9416, -2504, 1096, 0, 0, 0, 0, 0, 0
1384, -112, 12540, 10758, -2802, 1208, 0, 0, 0, 0, 0, 0
456, 6, 16492, 10916, -3252, 921, 0, 0, 0, 0, 0, 0
246, 136, 20806, 10826, -2957, 593, 0, 0, 0, 0, 0, 0
558, -150, 24004, 9547, -2196, 800, 0, 0, 0, 0, 0, 0
-134, -340, 26334, 5564, -2847, 842, 0, 0, 0, 0, 0, 0
# ---
